2			4.29497e+09
3			4.29497e+09
4			4.29497e+09
5			4.29497e+09
6			1
7			4.29497e+09
8			4.29497e+09
9			4.29497e+09
10			4.29497e+09
11			4.29497e+09
12			4.29497e+09
13			4.29497e+09
14			4.29497e+09
15			4.29497e+09
16			4.29497e+09
17			4.29497e+09
18			4.29497e+09
19			4.29497e+09
20			4.29497e+09
21			4.29497e+09
22			4.29497e+09
23			4.29497e+09
24			4.29497e+09
25			4.29497e+09
26			4.29497e+09
27			4.29497e+09
28			4.29497e+09
29			4.29497e+09
30			4.29497e+09
31			4.29497e+09
32			4.29497e+09
33			4.29497e+09
34			4.29497e+09
35			4.29497e+09
36			4.29497e+09
37			4.29497e+09
38			4.29497e+09
39			4.29497e+09
40			4.29497e+09
41			4.29497e+09
42			4.29497e+09
43			4.29497e+09
44			4.29497e+09
45			4.29497e+09
46			4.29497e+09
47			4.29497e+09
48			1
49			4.29497e+09
50			4.29497e+09
51			4.29497e+09
52			4.29497e+09
53			4.29497e+09
54			4.29497e+09
55			4.29497e+09
56			4.29497e+09
57			4.29497e+09
58			4.29497e+09
59			4.29497e+09
60			4.29497e+09
61			4.29497e+09
62			4.29497e+09
63			4.29497e+09
64			4.29497e+09
65			4.29497e+09
66			4.29497e+09
67			4.29497e+09
68			4.29497e+09
69			4.29497e+09
70			4.29497e+09
71			4.29497e+09
72			4.29497e+09
73			4.29497e+09
74			4.29497e+09
75			4.29497e+09
76			4.29497e+09
77			4.29497e+09
78			4.29497e+09
79			4.29497e+09
80			4.29497e+09
81			4.29497e+09
82			4.29497e+09
83			4.29497e+09
84			4.29497e+09
85			4.29497e+09
86			4.29497e+09
87			4.29497e+09
88			4.29497e+09
89			4.29497e+09
90			4.29497e+09
91			4.29497e+09
92			4.29497e+09
93			4.29497e+09
94			4.29497e+09
95			4.29497e+09
96			4.29497e+09
97			4.29497e+09
98			4.29497e+09
99			4.29497e+09
100			4.29497e+09
101			4.29497e+09
102			4.29497e+09
103			4.29497e+09
104			4.29497e+09
105			4.29497e+09
106			4.29497e+09
107			4.29497e+09
108			4.29497e+09
109			4.29497e+09
110			1
111			4.29497e+09
112			4.29497e+09
113			4.29497e+09
114			4.29497e+09
115			4.29497e+09
116			4.29497e+09
117			4.29497e+09
118			4.29497e+09
119			4.29497e+09
120			4.29497e+09
121			4.29497e+09
122			4.29497e+09
123			4.29497e+09
124			4.29497e+09
125			4.29497e+09
126			4.29497e+09
127			4.29497e+09
128			4.29497e+09
129			4.29497e+09
130			4.29497e+09
131			4.29497e+09
132			4.29497e+09
133			4.29497e+09
134			4.29497e+09
135			4.29497e+09
136			4.29497e+09
137			4.29497e+09
138			4.29497e+09
139			4.29497e+09
140			4.29497e+09
141			4.29497e+09
142			4.29497e+09
143			4.29497e+09
144			4.29497e+09
145			4.29497e+09
146			4.29497e+09
147			4.29497e+09
148			4.29497e+09
149			4.29497e+09
150			4.29497e+09
151			4.29497e+09
152			4.29497e+09
153			4.29497e+09
154			4.29497e+09
155			4.29497e+09
156			4.29497e+09
157			4.29497e+09
158			4.29497e+09
159			4.29497e+09
160			4.29497e+09
161			4.29497e+09
162			4.29497e+09
163			4.29497e+09
164			4.29497e+09
165			4.29497e+09
166			4.29497e+09
167			4.29497e+09
168			4.29497e+09
169			4.29497e+09
170			4.29497e+09
171			4.29497e+09
172			4.29497e+09
173			4.29497e+09
174			4.29497e+09
175			0
176			4.29497e+09
177			4.29497e+09
178			4.29497e+09
179			4.29497e+09
180			4.29497e+09
181			4.29497e+09
182			4.29497e+09
183			4.29497e+09
184			4.29497e+09
185			4.29497e+09
186			4.29497e+09
187			4.29497e+09
188			4.29497e+09
189			4.29497e+09
190			4.29497e+09
191			4.29497e+09
192			4.29497e+09
193			4.29497e+09
194			4.29497e+09
195			4.29497e+09
196			4.29497e+09
197			4.29497e+09
198			1
199			4.29497e+09
200			4.29497e+09
201			4.29497e+09
202			4.29497e+09
203			4.29497e+09
204			4.29497e+09
205			4.29497e+09
206			4.29497e+09
207			4.29497e+09
208			4.29497e+09
209			4.29497e+09
210			4.29497e+09
211			4.29497e+09
212			4.29497e+09
213			4.29497e+09
214			4.29497e+09
215			4.29497e+09
216			4.29497e+09
217			4.29497e+09
218			4.29497e+09
219			4.29497e+09
220			4.29497e+09
221			4.29497e+09
222			4.29497e+09
223			4.29497e+09
224			4.29497e+09
225			4.29497e+09
226			4.29497e+09
227			4.29497e+09
228			4.29497e+09
229			4.29497e+09
230			4.29497e+09
231			4.29497e+09
232			4.29497e+09
233			4.29497e+09
234			4.29497e+09
235			4.29497e+09
236			4.29497e+09
237			4.29497e+09
238			4.29497e+09
239			4.29497e+09
240			4.29497e+09
241			4.29497e+09
242			4.29497e+09
243			4.29497e+09
244			4.29497e+09
245			4.29497e+09
246			4.29497e+09
247			4.29497e+09
248			4.29497e+09
249			4.29497e+09
250			4.29497e+09
251			4.29497e+09
252			4.29497e+09
253			4.29497e+09
254			4.29497e+09
255			4.29497e+09
256			4.29497e+09
257			4.29497e+09
258			4.29497e+09
259			4.29497e+09
260			4.29497e+09
261			4.29497e+09
262			4.29497e+09
263			4.29497e+09
264			4.29497e+09
265			4.29497e+09
266			4.29497e+09
267			4.29497e+09
268			4.29497e+09
269			4.29497e+09
270			4.29497e+09
271			4.29497e+09
272			4.29497e+09
273			4.29497e+09
274			4.29497e+09
275			4.29497e+09
276			4.29497e+09
277			4.29497e+09
278			4.29497e+09
279			0
280			4.29497e+09
281			4.29497e+09
282			4.29497e+09
283			4.29497e+09
284			4.29497e+09
285			4.29497e+09
286			4.29497e+09
287			4.29497e+09
288			4.29497e+09
289			0
290			4.29497e+09
291			4.29497e+09
292			4.29497e+09
